rawdata/141.bmp 17 42 67 57 57 119 70 84 55 215 70 120 66 346 73 91 55 446 67 124 69 44 141 106 53 162 137 102 74 275 141 146 52 435 142 134 54 38 211 115 57 157 213 109 37 271 216 59 57 342 214 228 49 40 274 158 39 216 276 123 54 370 278 107 38 494 278 77 54
rawdata/142.bmp 2 12 32 574 318
rawdata/143_1_11zon.bmp 1 19 4 105 69
rawdata/150.bmp 2 25 89 561 170 32 294 548 267
rawdata/Screenshot 2023-05-10 213511_3_11zon.bmp 3 3 9 713 250 5 4 773 259 6 6 770 255
rawdata/Screenshot 2023-05-10 213617_4_11zon.bmp 2 61 48 426 341 924 19 338 463
rawdata/Screenshot 2023-05-10 213659_5_11zon.bmp 3 13 9 502 333 276 11 234 329 13 15 242 319
rawdata/Screenshot 2023-05-10 213833_6_11zon.bmp 1 16 11 221 303
rawdata/Screenshot 2023-05-10 213958_7_11zon.bmp 1 7 5 230 77
rawdata/Screenshot 2023-05-10 214117_10_11zon.bmp 10 32 104 180 132 24 108 205 126 21 96 205 144 271 96 192 142 504 96 124 145 497 93 129 144 642 97 134 119 35 546 744 175 36 549 736 172 44 296 207 72
rawdata/Screenshot 2023-05-10 214136_11_11zon.bmp 1 12 9 528 286
rawdata/Screenshot 2023-05-10 214227_12_11zon.bmp 4 35 14 177 137 40 178 177 129 36 178 181 136 38 177 178 135
rawdata/Screenshot 2023-05-10 214310_13_11zon.bmp 2 20 5 104 79 20 92 105 78
rawdata/Screenshot 2023-05-10 214733_14_11zon.bmp 1 8 6 97 61
rawdata/Screenshot 2023-05-10 214824_15_11zon.bmp 1 7 15 120 85
rawdata/Screenshot 2023-05-10 215145_18_11zon.bmp 2 39 25 307 132 14 0 341 183
rawdata/wm1.bmp 3 93 41 434 163 26 232 286 184 315 383 267 187
rawdata/wm2.bmp 7 53 32 171 137 341 35 232 142 335 36 234 145 28 217 242 142 330 217 260 157 325 218 263 153 18 218 250 137
rawdata/wm3.bmp 7 23 13 206 73 247 6 135 128 431 31 168 149 406 178 125 96 287 152 93 81 138 151 137 106 15 105 118 88
rawdata/wm4.bmp 8 17 38 173 158 211 41 385 123 384 223 210 147 214 226 135 149 18 227 179 147 25 428 196 148 244 427 196 147 474 425 121 140
