rawdata/1.bmp 5 71 36 510 310 10 34 575 314 13 34 570 312 66 35 516 314 7 30 577 318
rawdata/100_8_11zon.bmp 4 107 66 107 260 117 67 98 262 108 69 106 256 116 70 98 258
rawdata/106_9_11zon.bmp 4 89 95 217 134 71 97 238 133 71 96 243 134 80 99 226 128
rawdata/11.bmp 3 0 7 119 107 1 8 114 104 30 3 85 111
rawdata/12.bmp 3 8 3 119 99 16 5 111 97 14 3 105 101
rawdata/13.bmp 4 8 15 118 89 8 17 122 88 7 19 120 86 6 16 125 88
rawdata/14.bmp.bmp 1 16 11 571 141
rawdata/2.bmp 7 60 30 499 403 48 28 516 406 57 29 507 404 9 20 554 414
rawdata/2023-05-09 (1)_10_11zon.bmp 4 89 57 535 397 89 49 534 407 52 61 561 394 49 33 575 433
rawdata/2023-05-09 (101)_98_11zon.bmp 3 67 93 257 119 43 88 277 125 44 94 275 119
rawdata/2023-05-09 (102)_99_11zon.bmp 3 23 53 371 178 35 65 352 163 50 59 339 167
rawdata/2023-05-09 (103)_100_11zon.bmp 3 95 118 326 267 84 117 338 266 48 112 374 272
rawdata/2023-05-09 (104)_101_11zon.bmp 2 42 23 379 181 68 24 334 186
rawdata/2023-05-09 (105)_102_11zon.bmp 2 73 49 259 189 69 53 265 182
rawdata/2023-05-09 (106)_103_11zon.bmp 2 56 24 248 117 65 27 230 113
rawdata/2023-05-09 (12)_12_11zon.bmp 3 71 66 257 165 51 65 271 170 54 62 267 176
rawdata/2023-05-09 (13)_13_11zon.bmp 7 195 97 245 160 185 98 246 156 191 99 242 154 209 95 225 159 208 96 225 159 192 97 236 157 189 100 242 153
rawdata/2023-05-09 (14)_14_11zon.bmp 3 173 71 170 322 179 85 162 312 181 87 163 285
rawdata/2023-05-09 (15)_15_11zon.bmp 5 57 75 239 100 46 79 254 97 47 77 251 99 43 70 256 107 60 74 244 101
rawdata/2023-05-09 (16)_16_11zon.bmp 5 31 29 257 198 28 36 260 189 33 39 257 186 48 43 242 183 34 40 251 186
rawdata/2023-05-09 (17)_17_11zon.bmp 1 32 84 216 68
rawdata/2023-05-09 (18)_18_11zon.bmp 1 83 73 142 70
rawdata/2023-05-09 (19)_19_11zon.bmp 1 71 25 157 54
rawdata/2023-05-09 (2)_11_11zon.bmp 4 96 50 520 405 53 42 566 413 68 56 549 404 61 49 561 408
rawdata/2023-05-09 (20)_20_11zon.bmp 1 165 94 157 79
rawdata/2023-05-09 (21)_21_11zon.bmp 1 99 49 75 172
rawdata/2023-05-09 (22)_22_11zon.bmp 1 65 34 181 105
rawdata/2023-05-09 (23)_23_11zon.bmp 2 53 44 214 156 39 50 221 153
rawdata/2023-05-09 (24)_24_11zon.bmp 1 63 24 141 50
rawdata/2023-05-09 (25)_25_11zon.bmp 1 45 18 111 170
rawdata/2023-05-09 (26)_26_11zon.bmp 4 51 93 381 307 56 40 372 359 62 69 374 329 76 59 352 338
rawdata/2023-05-09 (27)_27_11zon.bmp 1 37 23 205 118
rawdata/2023-05-09 (28)_28_11zon.bmp 3 41 45 299 108 43 44 295 106 49 46 286 106
rawdata/2023-05-09 (29)_29_11zon.bmp 2 55 31 286 136 49 31 294 137
rawdata/2023-05-09 (30)_30_11zon.bmp 1 92 39 184 70
rawdata/2023-05-09 (31)_31_11zon.bmp 2 62 31 110 32 63 35 108 26
rawdata/2023-05-09 (32)_32_11zon.bmp 2 34 50 165 111 34 48 165 114
rawdata/2023-05-09 (33)_33_11zon.bmp 1 50 41 246 97
rawdata/2023-05-09 (34)_34_11zon.bmp 1 56 56 197 37
rawdata/2023-05-09 (35)_35_11zon.bmp 1 42 25 185 46
rawdata/2023-05-09 (36)_36_11zon.bmp 1 57 49 107 34
rawdata/2023-05-09 (37)_37_11zon.bmp 1 38 37 98 68
rawdata/2023-05-09 (38)_38_11zon.bmp 1 34 41 159 44
rawdata/2023-05-09 (39)_39_11zon.bmp 3 34 25 173 105 36 24 167 105 32 26 175 103
rawdata/2023-05-09 (40)_40_11zon.bmp 1 29 28 184 124
rawdata/2023-05-09 (41)_41_11zon.bmp 4 27 28 293 153 22 25 297 164 26 21 300 169 25 24 292 162
rawdata/2023-05-09 (42)_42_11zon.bmp 3 36 13 331 132 22 21 338 119 15 16 353 128
rawdata/2023-05-09 (43)_43_11zon.bmp 1 34 23 299 194
rawdata/2023-05-09 (44)_44_11zon.bmp 3 17 40 353 200 29 35 339 204 22 32 347 208
rawdata/2023-05-09 (45)_45_11zon.bmp 1 14 47 305 155
rawdata/2023-05-09 (46)_46_11zon.bmp 2 21 21 238 113 26 25 229 110
rawdata/2023-05-09 (47)_47_11zon.bmp 3 25 22 349 121 21 10 353 138 39 12 334 135
rawdata/2023-05-09 (48)_48_11zon.bmp 1 27 62 99 277
rawdata/2023-05-09 (49)_49_11zon.bmp 2 69 7 329 245 66 10 334 240
rawdata/2023-05-09 (50)_50_11zon.bmp 1 23 22 428 222
rawdata/2023-05-09 (51)_51_11zon.bmp 1 9 36 392 433
rawdata/2023-05-09 (52)_52_11zon.bmp 3 31 30 274 118 40 39 263 102 42 36 263 105
rawdata/2023-05-09 (53)_53_11zon.bmp 1 21 30 399 204
rawdata/2023-05-09 (54)_54_11zon.bmp 5 31 25 242 110 30 25 245 109 30 26 244 105 29 27 249 106 31 24 245 112
rawdata/2023-05-09 (55)_55_11zon.bmp 2 125 209 329 230 125 210 329 230
rawdata/2023-05-09 (56)_56_11zon.bmp 3 57 194 428 267 65 198 417 267 71 202 424 265
rawdata/2023-05-09 (57)_57_11zon.bmp 3 165 169 301 331 174 150 273 350 178 167 266 332
rawdata/2023-05-09 (58)_58_11zon.bmp 1 266 191 118 261
rawdata/2023-05-09 (59)_59_11zon.bmp 1 154 207 299 172
rawdata/2023-05-09 (60)_60_11zon.bmp 1 146 199 302 203
rawdata/2023-05-09 (61)_61_11zon.bmp 1 272 188 109 265
rawdata/2023-05-09 (62)_62_11zon.bmp 1 76 192 159 116
rawdata/2023-05-09 (63)_63_11zon.bmp 6 139 251 247 125 143 255 246 114 142 248 260 123
rawdata/2023-05-09 (64)_64_11zon.bmp 2 196 170 310 124 199 169 305 122
rawdata/2023-05-09 (65)_65_11zon.bmp 1 265 179 103 247
rawdata/2023-05-09 (66)_66_11zon.bmp 3 85 205 390 282 81 204 394 288 94 206 384 283
rawdata/2023-05-09 (67)_67_11zon.bmp 3 193 249 249 108 194 260 247 95 197 255 244 101
rawdata/2023-05-09 (68)_68_11zon.bmp 2 199 240 224 158 201 240 222 151
rawdata/2023-05-09 (69)_69_11zon.bmp 2 257 195 125 294 253 191 135 300
rawdata/2023-05-09 (70)_70_11zon.bmp 2 140 248 247 131 135 246 268 130
rawdata/2023-05-09 (71)_71_11zon.bmp 2 137 272 320 95 138 267 325 96
rawdata/2023-05-09 (72)_72_11zon.bmp 2 123 211 356 252 117 219 362 236
rawdata/2023-05-09 (73)_73_11zon.bmp 3 183 188 214 295 174 193 224 291 180 194 219 287
rawdata/2023-05-09 (74)_74_11zon.bmp 1 179 198 219 288
rawdata/2023-05-09 (75)_75_11zon.bmp 2 140 414 311 134 136 422 312 119
rawdata/2023-05-09 (76)_76_11zon.bmp 3 320 85 257 168 319 91 262 168 320 86 259 174
rawdata/2023-05-09 (77)_77_11zon.bmp 2 66 179 421 255 75 180 410 254
rawdata/2023-05-09 (78)_78_11zon.bmp 1 73 187 414 245
rawdata/2023-05-09 (79)_79_11zon.bmp 1 157 174 280 232
rawdata/2023-05-09 (80)_80_11zon.bmp 2 129 195 358 206 136 199 344 201
rawdata/2023-05-09 (81)_81_11zon.bmp 1 196 248 263 158
rawdata/2023-05-09 (82)_82_11zon.bmp 2 130 87 338 454 134 105 326 444
rawdata/2023-05-09 (83)_83_11zon.bmp 1 161 201 263 175
rawdata/2023-05-09 (84)_84_11zon.bmp 1 248 181 124 260
rawdata/2023-05-09 (85)_85_11zon.bmp 2 121 257 341 132 124 251 339 138
rawdata/2023-05-09 (86)_86_11zon.bmp 1 256 180 117 271
rawdata/2023-05-09 (87)_87_11zon.bmp 2 211 172 204 296 216 168 200 299
rawdata/2023-05-09 (88)_88_11zon.bmp 2 271 191 112 258 263 196 112 259
rawdata/2023-05-09 (89)_89_11zon.bmp 1 268 190 106 268
rawdata/2023-05-09 (90)_90_11zon.bmp 5 207 232 236 169 202 273 232 133 194 269 247 141 263 425 241 123 258 429 242 116
rawdata/2023-05-09 (91)_91_11zon.bmp 1 154 231 269 186
rawdata/2023-05-09 (92)_92_11zon.bmp 2 321 86 257 174 321 88 256 171
rawdata/2023-05-09 (93)_93_11zon.bmp 2 21 29 429 214 34 27 414 221
rawdata/2023-05-09 (94)_94_11zon.bmp 2 23 56 365 446 13 52 381 452
rawdata/2023-05-09 (95)_95_11zon.bmp 1 39 37 261 103
rawdata/2023-05-09 (96)_96_11zon.bmp 2 20 29 404 210 16 32 409 204
rawdata/2023-05-09 (97)_97_11zon.bmp 2 27 26 268 108 29 24 245 109
rawdata/3.bmp 3 74 126 484 137 65 117 493 147 77 120 477 185
rawdata/4.bmp 3 53 34 509 355 62 34 499 356 83 29 448 359
rawdata/5.bmp 3 42 22 212 96 33 26 220 90 42 27 213 81
rawdata/6.bmp 2 31 18 346 105 34 21 341 98
rawdata/7.bmp 2 8 22 192 97 23 21 162 96
rawdata/8.bmp 3 121 11 173 87 54 35 300 29 59 42 292 17
rawdata/9.bmp 4 17 22 133 52 20 21 131 52 16 21 138 51 6 13 175 58
rawdata/93_1_11zon.bmp 2 122 100 327 226 121 100 332 231
rawdata/94_2_11zon.bmp 2 106 54 204 284 107 58 205 291
rawdata/95_3_11zon.bmp 2 182 121 293 148 197 120 282 153
rawdata/96_4_11zon.bmp 4 92 110 282 222 94 111 279 220 92 114 281 213
rawdata/97_5_11zon.bmp 3 376 180 8 13 71 113 340 169 51 112 350 170
rawdata/98_6_11zon.bmp 1 47 86 265 203
rawdata/99_7_11zon.bmp 2 57 37 305 98 42 38 318 99
rawdata/141.bmp 17 42 67 57 57 119 70 84 55 215 70 120 66 346 73 91 55 446 67 124 69 44 141 106 53 162 137 102 74 275 141 146 52 435 142 134 54 38 211 115 57 157 213 109 37 271 216 59 57 342 214 228 49 40 274 158 39 216 276 123 54 370 278 107 38 494 278 77 54
rawdata/142.bmp 2 12 32 574 318
rawdata/143_1_11zon.bmp 1 19 4 105 69
rawdata/150.bmp 2 25 89 561 170 32 294 548 267
rawdata/Screenshot 2023-05-10 213511_3_11zon.bmp 3 3 9 713 250 5 4 773 259 6 6 770 255
rawdata/Screenshot 2023-05-10 213617_4_11zon.bmp 2 61 48 426 341 924 19 338 463
rawdata/Screenshot 2023-05-10 213659_5_11zon.bmp 3 13 9 502 333 276 11 234 329 13 15 242 319
rawdata/Screenshot 2023-05-10 213833_6_11zon.bmp 1 16 11 221 303
rawdata/Screenshot 2023-05-10 213958_7_11zon.bmp 1 7 5 230 77
rawdata/Screenshot 2023-05-10 214117_10_11zon.bmp 10 32 104 180 132 24 108 205 126 21 96 205 144 271 96 192 142 504 96 124 145 497 93 129 144 642 97 134 119 35 546 744 175 36 549 736 172 44 296 207 72
rawdata/Screenshot 2023-05-10 214136_11_11zon.bmp 1 12 9 528 286
rawdata/Screenshot 2023-05-10 214227_12_11zon.bmp 4 35 14 177 137 40 178 177 129 36 178 181 136 38 177 178 135
rawdata/Screenshot 2023-05-10 214310_13_11zon.bmp 2 20 5 104 79 20 92 105 78
rawdata/Screenshot 2023-05-10 214733_14_11zon.bmp 1 8 6 97 61
rawdata/Screenshot 2023-05-10 214824_15_11zon.bmp 1 7 15 120 85
rawdata/Screenshot 2023-05-10 215145_18_11zon.bmp 2 39 25 307 132 14 0 341 183
rawdata/wm1.bmp 3 93 41 434 163 26 232 286 184 315 383 267 187
rawdata/wm2.bmp 7 53 32 171 137 341 35 232 142 335 36 234 145 28 217 242 142 330 217 260 157 325 218 263 153 18 218 250 137
rawdata/wm3.bmp 7 23 13 206 73 247 6 135 128 431 31 168 149 406 178 125 96 287 152 93 81 138 151 137 106 15 105 118 88
rawdata/wm4.bmp 8 17 38 173 158 211 41 385 123 384 223 210 147 214 226 135 149 18 227 179 147 25 428 196 148 244 427 196 147 474 425 121 140

